2.367639981023083706e+00
-4.978679717845562180e-01
-1.811391065490727259e+00
-2.119464655097321959e+00
1.804467412053219810e+00
1.153935694015884472e+00
-2.765671300602705607e+00
1.321946960652948810e+00
2.268704618345672941e+00
2.809569454316385162e+00
-2.890270335934848944e+00
1.119005566089501968e+00
3.521389706745097214e-01
-2.445968431387213204e+00
1.022805061070413579e+00
2.268855020576478587e+00
-4.961711857972384010e-01
-2.489734731781332755e+00
-9.266356377417137580e-01
-1.106906213963622321e+00
-1.882438731733974580e+00
-1.119454931044542967e+00
2.007754031384237692e+00
2.329004040201416714e-01
2.747337180903011600e+00
-4.848329135802309509e-01
-1.981017482612586589e+00
-2.999313751095930680e+00
1.989917098381024374e-01
-2.157678368428597615e+00
2.258334913776229413e+00
-2.409918997001699204e+00
