7.787702630599997455e+00
2.526924236144289626e+00
3.521632331606835642e+00
1.858712477380066952e+00
5.483326487410271177e+00
5.919974623456687013e+00
2.706547724392506460e+00
3.511990984868400556e+00
7.076630638814258134e+00
8.119414067060866103e+00
3.799490791875632212e+00
2.990694353562492580e+00
1.526510933923525215e+00
3.075767819022384941e+00
4.287914318123375423e+00
6.493363850361148160e+00
1.435086184648865615e+00
2.909825105493627273e+00
1.105937637968805065e+00
2.390855633562745997e+00
1.197688305906823736e+00
1.698050224942894371e+00
7.276160311887355014e+00
1.414816061617794940e+00
9.360251387563570447e+00
9.614524326282977151e-01
8.386794525736280814e-01
3.375737512141992358e+00
3.149892641433805540e+00
1.422951308612912413e+00
6.928532157648204404e+00
2.285041555678360758e+00
3.716165143351708888e+00
4.844652503435908031e+00
5.815294146942140419e-01
8.852573240452973335e-01
4.099552892400431858e+00
4.329072263954256705e+00
2.225301064194693090e+00
6.816756581515308611e-01
